100
10
0 0.54340493877963281 0.67115563728640681 0.2783693827871162 0.41204639696796574 0.42451759228122365 0.52638246480524131 0.84477613513469141 0.14860484240311311 0.0047188620094020996
0.54340493877963281 0 0.15671108387334065 0.12156911988779183 0.18646718309877142 0.67074908378318632 0.21010773680408198 0.82585275518378543 0.45273990241175982 0.13670658719183565
0.67115563728640681 0.15671108387334065 0 0.87014263516062462 0.57509333467462409 0.063681039741188536 0.89132195079962773 0.62431188943430593 0.2092021247859118 0.52334774903099701
0.2783693827871162 0.12156911988779183 0.87014263516062462 0 0.18532821912908187 0.56229627029092433 0.10837689254162296 0.005817196566103305 0.21969749550793727 0.3074232047208173
0.41204639696796574 0.18646718309877142 0.57509333467462409 0.18532821912908187 0 0.97862378414222595 0.9501843110076581 0.81168314926598295 0.12665424475601275 0.17194101241695253
0.42451759228122365 0.67074908378318632 0.063681039741188536 0.56229627029092433 0.97862378414222595 0 0.078987869685280113 0.81622475148556395 0.31135313662499031 0.27407374332520967
0.52638246480524131 0.21010773680408198 0.89132195079962773 0.10837689254162296 0.9501843110076581 0.078987869685280113 0 0.6323835860547572 0.43170418483943312 0.6993589242220295
0.84477613513469141 0.82585275518378543 0.62431188943430593 0.005817196566103305 0.81168314926598295 0.81622475148556395 0.6323835860547572 0 0.94002981575672273 0.64196494399615678
0.14860484240311311 0.45273990241175982 0.2092021247859118 0.21969749550793727 0.12665424475601275 0.31135313662499031 0.43170418483943312 0.94002981575672273 0 0.81764937607051091
0.0047188620094020996 0.13670658719183565 0.52334774903099701 0.3074232047208173 0.17194101241695253 0.27407374332520967 0.6993589242220295 0.64196494399615678 0.81764937607051091 0
