200
10
0 0.947632259444248 0.49414362979450815 0.22654742380290932 0.1485590497377699 0.59442014493849593 0.25760976766646138 0.4283086835472632 0.57393147413943235 0.76414068643100108
0.947632259444248 0 0.82162058698516816 0.0028605971026375416 0.1161518527930956 0.35742368394448976 0.43578580288118351 0.90969488185590475 0.72702957194462181 0.4560809862930516
0.49414362979450815 0.82162058698516816 0 0.65220773258530718 0.98180270380848156 0.96747566479432301 0.86735699229579344 0.62448816225502835 0.98602751269611244 0.32588306100244707
0.22654742380290932 0.0028605971026375416 0.65220773258530718 0 0.92326670487487383 0.70680958584575204 0.3036933143864603 0.60872039771841846 0.84610349122576967 0.12329230227584306
0.1485590497377699 0.1161518527930956 0.98180270380848156 0.92326670487487383 0 0.12122197219199081 0.18722056159452083 0.78557628783992872 0.20979547202815196 0.25050505489355535
0.59442014493849593 0.35742368394448976 0.96747566479432301 0.70680958584575204 0.12122197219199081 0 0.30387948600199993 0.09602970702015555 0.51735222165411154 0.94349103908601473
0.25760976766646138 0.43578580288118351 0.86735699229579344 0.3036933143864603 0.18722056159452083 0.30387948600199993 0 0.37444118395783965 0.82605014015595668 0.97089086053215223
0.4283086835472632 0.90969488185590475 0.62448816225502835 0.60872039771841846 0.78557628783992872 0.09602970702015555 0.37444118395783965 0 0.51832513406833758 0.81661961549348649
0.57393147413943235 0.72702957194462181 0.98602751269611244 0.84610349122576967 0.20979547202815196 0.51735222165411154 0.82605014015595668 0.51832513406833758 0 0.87350042114814286
0.76414068643100108 0.4560809862930516 0.32588306100244707 0.12329230227584306 0.25050505489355535 0.94349103908601473 0.97089086053215223 0.81661961549348649 0.87350042114814286 0
