200
14
0 0.947632259444248 0.49414362979450815 0.22654742380290932 0.1485590497377699 0.59442014493849593 0.25760976766646138 0.4283086835472632 0.57393147413943235 0.76414068643100108 0.82162058698516816 0.0028605971026375416 0.1161518527930956 0.35742368394448976
0.947632259444248 0 0.43578580288118351 0.90969488185590475 0.72702957194462181 0.4560809862930516 0.65220773258530718 0.98180270380848156 0.96747566479432301 0.86735699229579344 0.62448816225502835 0.98602751269611244 0.32588306100244707 0.92326670487487383
0.49414362979450815 0.43578580288118351 0 0.70680958584575204 0.3036933143864603 0.60872039771841846 0.84610349122576967 0.12329230227584306 0.12122197219199081 0.18722056159452083 0.78557628783992872 0.20979547202815196 0.25050505489355535 0.30387948600199993
0.22654742380290932 0.90969488185590475 0.70680958584575204 0 0.09602970702015555 0.51735222165411154 0.94349103908601473 0.37444118395783965 0.82605014015595668 0.97089086053215223 0.51832513406833758 0.81661961549348649 0.87350042114814286 0.75236148125314184
0.1485590497377699 0.72702957194462181 0.3036933143864603 0.09602970702015555 0 0.5783756940109599 0.056374450460163518 0.45008450431052699 0.5677350434865186 0.6801569761429348 0.48357036790893654 0.41942561963094066 0.95808299629904403 0.64039346404382802
0.59442014493849593 0.4560809862930516 0.60872039771841846 0.51735222165411154 0.5783756940109599 0 0.81931929123106395 0.60865628803350413 0.63492075391926817 0.10543410668741775 0.33312347539074799 0.96604458730808562 0.88710971802638605 0.75870041497021457
0.25760976766646138 0.65220773258530718 0.84610349122576967 0.94349103908601473 0.056374450460163518 0.81931929123106395 0 0.62330587362481882 0.67964183135881129 0.8435975545653136 0.32934810508260226 0.2145590023637188 0.026454881771107875 0.30264095922527856
0.4283086835472632 0.98180270380848156 0.12329230227584306 0.37444118395783965 0.45008450431052699 0.60865628803350413 0.62330587362481882 0 0.80366038899022629 0.098666680068398516 0.97282918891236869 0.57343650017246528 0.28293811210499564 0.93173533676465403
0.57393147413943235 0.96747566479432301 0.12122197219199081 0.82605014015595668 0.5677350434865186 0.63492075391926817 0.67964183135881129 0.80366038899022629 0 0.64907466635319278 0.90986869388955383 0.26557509700431842 0.50233320903553003 0.18768914630349939
0.76414068643100108 0.86735699229579344 0.18722056159452083 0.97089086053215223 0.6801569761429348 0.10543410668741775 0.8435975545653136 0.098666680068398516 0.64907466635319278 0 0.20847426452871279 0.41904787403043542 0.50203394109896238 0.66599890395672967
0.82162058698516816 0.62448816225502835 0.78557628783992872 0.51832513406833758 0.48357036790893654 0.33312347539074799 0.32934810508260226 0.97282918891236869 0.90986869388955383 0.20847426452871279 0 0.33701565147773727 0.51741180511131224 0.26694851188616558
0.0028605971026375416 0.98602751269611244 0.20979547202815196 0.81661961549348649 0.41942561963094066 0.96604458730808562 0.2145590023637188 0.57343650017246528 0.26557509700431842 0.41904787403043542 0.33701565147773727 0 0.8544925206467725 0.47892311389532943
0.1161518527930956 0.32588306100244707 0.25050505489355535 0.87350042114814286 0.95808299629904403 0.88710971802638605 0.026454881771107875 0.28293811210499564 0.50233320903553003 0.50203394109896238 0.51741180511131224 0.8544925206467725 0 0.17101130661811012
0.35742368394448976 0.92326670487487383 0.30387948600199993 0.75236148125314184 0.64039346404382802 0.75870041497021457 0.30264095922527856 0.93173533676465403 0.18768914630349939 0.66599890395672967 0.26694851188616558 0.47892311389532943 0.17101130661811012 0
