100
14
0 0.54340493877963281 0.67115563728640681 0.2783693827871162 0.41204639696796574 0.42451759228122365 0.52638246480524131 0.84477613513469141 0.14860484240311311 0.0047188620094020996 0.15671108387334065 0.12156911988779183 0.18646718309877142 0.67074908378318632
0.54340493877963281 0 0.21010773680408198 0.82585275518378543 0.45273990241175982 0.13670658719183565 0.87014263516062462 0.57509333467462409 0.063681039741188536 0.89132195079962773 0.62431188943430593 0.2092021247859118 0.52334774903099701 0.18532821912908187
0.67115563728640681 0.21010773680408198 0 0.56229627029092433 0.10837689254162296 0.005817196566103305 0.21969749550793727 0.3074232047208173 0.97862378414222595 0.9501843110076581 0.81168314926598295 0.12665424475601275 0.17194101241695253 0.078987869685280113
0.2783693827871162 0.82585275518378543 0.56229627029092433 0 0.81622475148556395 0.31135313662499031 0.27407374332520967 0.6323835860547572 0.43170418483943312 0.6993589242220295 0.94002981575672273 0.64196494399615678 0.81764937607051091 0.92002378029749354
0.41204639696796574 0.45273990241175982 0.10837689254162296 0.81622475148556395 0 0.3361119482051842 0.29887635942988011 0.17541045280532225 0.56874553662928418 0.37283204667568953 0.17862433082857734 0.0056885071112049062 0.53257370054083264 0.25242635450615231
0.42451759228122365 0.13670658719183565 0.005817196566103305 0.31135313662499031 0.3361119482051842 0 0.64669146613373685 0.79566251458499171 0.14206538050017911 0.015254967383866889 0.5813889651515961 0.59884337838712232 0.47918993874434146 0.60380454189232657
0.52638246480524131 0.87014263516062462 0.21969749550793727 0.27407374332520967 0.29887635942988011 0.64669146613373685 0 0.38641911334973272 0.1051476861129393 0.4404649507348577 0.38194344574165146 0.40475733191817004 0.036476054935826931 0.44225403234415084
0.84477613513469141 0.57509333467462409 0.3074232047208173 0.6323835860547572 0.17541045280532225 0.79566251458499171 0.38641911334973272 0 0.89041156482193884 0.030123273849050346 0.98092085564996134 0.77600531298108522 0.059941990314969322 0.5509583732464719
0.14860484240311311 0.063681039741188536 0.97862378414222595 0.43170418483943312 0.56874553662928418 0.14206538050017911 0.1051476861129393 0.89041156482193884 0 0.89054594698607592 0.38107340279525925 0.57690149954913683 0.5292657782624629 0.74247968516835938
0.0047188620094020996 0.89132195079962773 0.9501843110076581 0.6993589242220295 0.37283204667568953 0.015254967383866889 0.4404649507348577 0.030123273849050346 0.89054594698607592 0 0.9568768988728702 0.63018394229705077 0.17582130832034659 0.58184219654226732
0.15671108387334065 0.62431188943430593 0.81168314926598295 0.94002981575672273 0.17862433082857734 0.5813889651515961 0.38194344574165146 0.98092085564996134 0.38107340279525925 0.9568768988728702 0 0.1183028379730654 0.020439129793187402 0.86294567046289927
0.12156911988779183 0.2092021247859118 0.12665424475601275 0.64196494399615678 0.0056885071112049062 0.59884337838712232 0.40475733191817004 0.77600531298108522 0.57690149954913683 0.63018394229705077 0.1183028379730654 0 0.21002658345038691 0.074866882309985089
0.18646718309877142 0.52334774903099701 0.17194101241695253 0.81764937607051091 0.53257370054083264 0.47918993874434146 0.036476054935826931 0.059941990314969322 0.5292657782624629 0.17582130832034659 0.020439129793187402 0.21002658345038691 0 0.54468487658181342
0.67074908378318632 0.18532821912908187 0.078987869685280113 0.92002378029749354 0.25242635450615231 0.60380454189232657 0.44225403234415084 0.5509583732464719 0.74247968516835938 0.58184219654226732 0.86294567046289927 0.074866882309985089 0.54468487658181342 0
